matrix_16.txt
6 0 0 4 3 8 0 2 0 0 E 0 0 0 D 1
0 0 2 0 0 A 6 0 0 3 0 0 0 0 5 C
0 B 5 0 0 9 0 0 0 0 8 A 0 0 0 0
E 0 0 G 1 D 5 F 0 7 4 0 6 0 0 0
7 0 0 B A 0 D 3 0 0 0 F 0 2 0 0
2 8 F A 0 5 B 0 0 0 0 0 C 1 0 D
0 D 0 5 9 4 F 0 A 0 0 0 7 0 B 0
3 0 0 9 E 0 0 0 7 C 0 0 0 0 0 0
0 0 0 0 0 0 4 1 0 0 0 6 D 0 0 B
0 6 0 7 0 0 0 9 0 D 3 8 E 0 A 0
5 0 9 F 0 0 0 0 0 B A 0 8 3 4 G
0 0 C 0 8 0 0 0 2 4 0 5 9 0 0 F
0 0 0 C 0 6 1 0 E 8 7 G 2 0 0 3
0 0 0 0 7 E 0 0 0 0 C 0 0 F G 0
4 3 0 0 0 0 8 0 0 6 2 0 0 D 0 0
9 F 0 0 0 G 0 0 D 0 1 4 B 0 0 6
